Group,Time,"L Inferior frontal gyrus/
precentral gyrus","L Dorsomedial prefrontal
 cortex","L Inferior temporal/
occipital gyrus","L Middle frontal gyrus/
precentral gyrus (frontal eye field)","L Anterior intraparietal
 sulcus",L Anterior insula,"L Posterior intraparietal
 sulcus","R Posterior cingulate
 cortex",R Superior lobule,L Caudate,R Cerebellum (lobule VI),L Putamen,L Superior parietal lobule,R Cerebellum (lobule VIIb),R Middle occipital gyrus,"L Middle/
 inferior occipital gyrus",L Inferior frontal gyrus,R Fusiform gyrus (1),R Fusiform gyrus (2),"L Anterior cingulate
 cortex",R Middle cingulate cortex
control,0.00000,-0.03430,-0.03625,-0.05652,-0.05227,-0.04886,-0.00539,-0.04713,-0.08437,-0.05604,-0.05905,-0.08645,-0.09790,-0.07547,-0.03564,-0.06380,0.06597,-0.14952,-0.02282,-0.02560,-0.04027,0.02771
control,1.25000,-0.19371,-0.15501,-0.20998,-0.17346,-0.15338,-0.03960,-0.27096,-0.41290,-0.22968,-0.12175,-0.31936,-0.08404,-0.27965,-0.17540,-0.26396,0.09693,-0.49498,-0.13082,-0.30791,-0.12850,-0.05913
control,2.50000,0.00590,0.01333,-0.05338,-0.00585,-0.01961,0.27852,-0.07937,-0.34424,-0.07559,0.14186,-0.11890,0.40539,-0.25128,-0.04762,-0.14304,0.17131,-0.40106,0.10478,-0.03647,-0.04826,0.01094
control,3.75000,0.31395,0.19783,0.22302,0.23053,0.24786,0.55151,0.25291,-0.12295,0.25107,0.18788,0.08407,0.44450,0.11696,0.14581,0.10570,0.39440,-0.38035,0.39732,0.47472,0.10273,0.16666
control,5.00000,0.30248,0.17144,0.28415,0.21851,0.29481,0.48774,0.31786,-0.10878,0.29946,0.06737,0.08197,0.20059,0.18435,0.06930,0.17800,0.40477,-0.32764,0.36851,0.46231,0.07050,0.20572
control,6.25000,0.23497,0.08338,0.21989,0.11541,0.28370,0.40457,0.22911,-0.15326,0.22129,0.02081,0.06510,0.00734,0.10886,0.07977,0.06833,0.22171,-0.25696,0.31329,0.24072,0.03232,0.18606
control,7.50000,0.10558,-0.00554,0.06274,0.00909,0.17611,0.31050,-0.00994,-0.21822,0.05427,-0.00061,-0.01299,-0.03099,-0.02321,-0.00915,-0.05912,0.05004,-0.22104,0.03730,-0.12205,-0.03880,0.16331
control,8.75000,0.01916,-0.06293,-0.05579,-0.07456,0.05794,0.21006,-0.15180,-0.28678,-0.06120,-0.04344,-0.02652,-0.04390,-0.14462,-0.04419,-0.17735,-0.06057,-0.17473,-0.10076,-0.25998,-0.06831,0.09109
control,10.00000,-0.02312,-0.06849,-0.09436,-0.09870,0.00080,0.13327,-0.19350,-0.29923,-0.13470,-0.02385,-0.04166,-0.05696,-0.17365,-0.07058,-0.18818,-0.20716,-0.10896,-0.14512,-0.26746,-0.03826,0.04716
control,11.25000,-0.01257,-0.05955,-0.08527,-0.07515,-0.00965,0.05791,-0.11245,-0.20862,-0.10124,0.01173,-0.01009,-0.04222,-0.16719,-0.01042,-0.09626,-0.17171,-0.04774,-0.15966,-0.13231,-0.04680,0.00221
control,12.50000,-0.00091,-0.02717,-0.04351,-0.03627,0.00681,-0.01379,-0.06251,-0.12535,-0.03811,0.00525,-0.00106,0.02575,-0.06121,-0.06540,-0.04991,-0.12952,-0.00636,-0.09817,-0.08589,0.02265,0.03962
control,13.75000,0.02166,0.00552,-0.00825,-0.01211,0.00274,0.00431,0.00670,-0.06136,-0.04540,0.05465,0.03032,-0.06349,-0.02090,-0.01954,-0.00792,-0.04884,0.02437,-0.06749,0.02940,0.00277,-0.02691
uncontrol,0.00000,-0.00836,-0.03019,-0.00914,-0.04103,-0.01232,-0.02733,-0.02385,-0.08967,-0.02229,0.01250,-0.04399,-0.06208,-0.03621,-0.01464,-0.04201,0.10251,-0.18512,-0.00032,-0.05864,-0.12325,-0.06128
uncontrol,1.25000,-0.08384,-0.07166,-0.05472,-0.06248,-0.07513,0.02066,-0.14263,-0.30055,-0.15079,0.00495,-0.25754,0.06081,-0.15784,-0.08763,-0.18511,0.09833,-0.37101,-0.00686,-0.35377,-0.13501,-0.04796
uncontrol,2.50000,0.21178,0.18278,0.15513,0.18043,0.15249,0.41914,0.11099,-0.30049,0.16367,0.28534,-0.06448,0.51499,0.06993,0.05591,-0.00970,0.31961,-0.24798,0.22070,-0.08336,-0.06762,0.10283
uncontrol,3.75000,0.70669,0.53274,0.59165,0.56830,0.50630,0.81457,0.56795,-0.30020,0.62721,0.49630,0.26558,0.74338,0.68844,0.26996,0.40643,0.73890,-0.16116,0.64585,0.70488,0.20977,0.36904
uncontrol,5.00000,0.85981,0.64066,0.76061,0.67724,0.68337,0.94198,0.73074,-0.40150,0.83463,0.48541,0.46695,0.59521,0.98628,0.33454,0.51930,0.77864,-0.03367,0.69188,0.89233,0.31039,0.51555
uncontrol,6.25000,0.74266,0.53803,0.64607,0.56352,0.71329,0.88226,0.60882,-0.46323,0.73602,0.28075,0.51499,0.26068,0.85300,0.31691,0.35734,0.67339,0.02614,0.56200,0.59330,0.23197,0.52306
uncontrol,7.50000,0.50281,0.30092,0.34742,0.27975,0.57233,0.68790,0.30997,-0.40185,0.43253,0.11730,0.42282,0.10115,0.50111,0.24272,0.02816,0.42390,0.07218,0.29571,0.12648,0.16168,0.39796
uncontrol,8.75000,0.25474,0.11922,0.06847,0.06321,0.35733,0.48546,0.03999,-0.36862,0.12420,-0.03916,0.29244,0.01580,0.18639,0.11702,-0.17391,0.06047,0.04943,0.02524,-0.19194,0.10252,0.29755
uncontrol,10.00000,0.08636,-0.00905,-0.07798,-0.05377,0.16302,0.26696,-0.09166,-0.32465,-0.06101,-0.05400,0.18157,-0.04741,-0.03531,0.07243,-0.25461,-0.17036,0.05654,-0.10535,-0.28930,0.06809,0.10203
uncontrol,11.25000,0.01236,-0.02723,-0.11006,-0.06423,0.05719,0.13780,-0.11228,-0.25574,-0.11240,-0.03307,0.04095,-0.05140,-0.06564,0.04671,-0.16134,-0.16447,0.03948,-0.09730,-0.20926,0.06137,0.07537
uncontrol,12.50000,0.00003,-0.02002,-0.05729,-0.02577,0.03072,0.07952,-0.03814,-0.11474,-0.00750,-0.06951,0.07330,-0.05139,-0.02060,-0.01467,-0.05968,-0.09166,0.06340,-0.08549,-0.06227,0.03208,0.02032
uncontrol,13.75000,0.00426,-0.00298,-0.02183,-0.02033,0.00054,0.00258,-0.02009,-0.06941,0.00246,-0.04456,-0.00794,-0.05262,0.02246,0.01800,0.01667,-0.02024,0.02674,-0.06768,-0.03736,-0.02004,0.00869
